$ python3 pca.py 

Training Images

Covariance(for n = 13) :
 [[ 8.28654667e+06 -5.97545482e+05 -8.48505653e+05 -4.17019696e+05
  -1.19229069e+06 -9.94837260e+05 -5.95833636e+05 -3.88494935e+05
  -6.39901576e+05 -9.90170166e+05 -2.77701208e+05 -7.96625431e+05
  -5.47620943e+05]
 [-5.97545482e+05  4.22848903e+06 -5.08543251e+05 -3.31751294e+05
  -1.40035174e+05  7.86336423e+03 -4.41283567e+05 -4.34470533e+05
  -3.85152063e+05 -2.31117640e+04 -2.25666473e+05 -8.17966473e+05
  -3.30826320e+05]
 [-8.48505653e+05 -5.08543251e+05  5.65627724e+06 -5.32904798e+05
  -6.25522456e+05 -5.96919029e+05 -6.18202849e+05 -2.98909260e+05
   6.40854326e+04 -3.36699268e+05 -3.25047644e+05 -4.18582867e+05
  -6.10525602e+05]
 [-4.17019696e+05 -3.31751294e+05 -5.32904798e+05  4.29004527e+06
   4.75565010e+04 -1.05542096e+06 -6.58771448e+05 -3.80057747e+05
   2.20991612e+05 -4.12169644e+05 -8.56637798e+05 -2.21929020e+05
   3.08069022e+05]
 [-1.19229069e+06 -1.40035174e+05 -6.25522456e+05  4.75565010e+04
   4.69526851e+06 -5.08414952e+05 -4.84208836e+04 -7.04207294e+05
  -5.14888602e+05 -5.43675414e+05 -4.40651567e+05 -3.34811456e+05
   3.10093475e+05]
 [-9.94837260e+05  7.86336423e+03 -5.96919029e+05 -1.05542096e+06
  -5.08414952e+05  6.93474914e+06 -2.68089234e+05 -5.35722867e+05
  -1.30368717e+06 -1.34256653e+05 -3.71135696e+05 -2.65924140e+05
  -9.08204542e+05]
 [-5.95833636e+05 -4.41283567e+05 -6.18202849e+05 -6.58771448e+05
  -4.84208836e+04 -2.68089234e+05  5.93993050e+06 -1.99133687e+05
  -6.28269439e+05 -5.86328362e+05 -4.42591183e+05 -5.72505294e+05
  -8.80500918e+05]
 [-3.88494935e+05 -4.34470533e+05 -2.98909260e+05 -3.80057747e+05
  -7.04207294e+05 -5.35722867e+05 -1.99133687e+05  4.53866235e+06
  -2.58306405e+05 -1.15046661e+05 -3.62285482e+05 -8.93129264e+04
  -7.72714550e+05]
 [-6.39901576e+05 -3.85152063e+05  6.40854326e+04  2.20991612e+05
  -5.14888602e+05 -1.30368717e+06 -6.28269439e+05 -2.58306405e+05
   5.67358773e+06 -5.75352969e+05 -7.18489345e+05 -7.01204790e+05
  -2.33412414e+05]
 [-9.90170166e+05 -2.31117640e+04 -3.36699268e+05 -4.12169644e+05
  -5.43675414e+05 -1.34256653e+05 -5.86328362e+05 -1.15046661e+05
  -5.75352969e+05  4.48610233e+06  1.20277065e+05 -2.66282379e+05
  -6.23286114e+05]
 [-2.77701208e+05 -2.25666473e+05 -3.25047644e+05 -8.56637798e+05
  -4.40651567e+05 -3.71135696e+05 -4.42591183e+05 -3.62285482e+05
  -7.18489345e+05  1.20277065e+05  4.73900058e+06 -3.82708089e+05
  -4.56363157e+05]
 [-7.96625431e+05 -8.17966473e+05 -4.18582867e+05 -2.21929020e+05
  -3.34811456e+05 -2.65924140e+05 -5.72505294e+05 -8.93129264e+04
  -7.01204790e+05 -2.66282379e+05 -3.82708089e+05  5.34141813e+06
  -4.73565268e+05]
 [-5.47620943e+05 -3.30826320e+05 -6.10525602e+05  3.08069022e+05
   3.10093475e+05 -9.08204542e+05 -8.80500918e+05 -7.72714550e+05
  -2.33412414e+05 -6.23286114e+05 -4.56363157e+05 -4.73565268e+05
   5.21885733e+06]]

Eigen Values(for n = 13) :
 [-1.86264515e-09  9.26764605e+06  8.36722227e+06  6.79433274e+06
  6.60461208e+06  6.12679947e+06  5.77504232e+06  5.52352953e+06
  3.87757786e+06  4.08471320e+06  4.74679919e+06  4.53708072e+06
  4.32357939e+06]

Eigen Vectors(for n = 13) :
 [[-0.2773501  -0.2773501  -0.2773501  -0.2773501  -0.2773501  -0.2773501
  -0.2773501  -0.2773501  -0.2773501  -0.2773501  -0.2773501  -0.2773501
  -0.2773501 ]
 [-0.88703081  0.07650941  0.07910764 -0.04740282  0.1564991   0.35807648
   0.08366116 -0.00212865 -0.06433412  0.14824255  0.00811276  0.11171574
  -0.02102843]
 [ 0.3086717   0.0440759  -0.15683568 -0.29116222 -0.16090349  0.65507657
   0.15340309  0.01357015 -0.45179518  0.06050558  0.11735301  0.01292692
  -0.30488635]
 [-0.0351334  -0.08613993  0.60783444 -0.19375867 -0.42088926 -0.07032679
  -0.10781564  0.24131571  0.26842973  0.14387439  0.09691519  0.03430237
  -0.47860814]
 [ 0.05531872  0.06715434  0.07287099  0.07783465 -0.08895659  0.27125446
  -0.88143059 -0.12027843 -0.04444221  0.12542718  0.06832127  0.13916482
   0.2577614 ]
 [-0.03398511 -0.25427182 -0.16678059  0.01934597 -0.01752263 -0.33251919
  -0.02293641  0.24005684 -0.36230059  0.11770282  0.12645007  0.75571879
  -0.06895816]
 [ 0.06027432 -0.23062065 -0.04162581  0.19369651 -0.07657297  0.36545843
   0.03026834  0.0607931   0.33194063 -0.36122627 -0.61742858  0.36318301
  -0.07814006]
 [-0.07433309  0.21137147 -0.67338369  0.10319708 -0.21156131 -0.00276639
  -0.10958864  0.31328026  0.39344786  0.33295257  0.03910541 -0.08391538
  -0.23780616]
 [-0.11007993  0.0601569   0.02362907  0.73907402 -0.29685918  0.05513889
   0.03139687 -0.02817914 -0.18857158 -0.37141107  0.35772707 -0.0809779
  -0.19104401]
 [-0.05842543  0.73086053  0.00393656 -0.26852724 -0.37147602 -0.13030219
   0.07835593 -0.03280948 -0.0147563  -0.33264289 -0.07142956  0.27234503
   0.19487108]
 [ 0.01908164  0.24639594  0.17438198  0.25009903  0.03162406 -0.09300278
  -0.06686697  0.46733465 -0.45518707  0.21885463 -0.55023376 -0.23568599
  -0.00679538]
 [ 0.10197425  0.36339332  0.0489545   0.1533639   0.38608539 -0.11951144
  -0.0864839  -0.48947207  0.01624801  0.15162811 -0.14200297  0.19778726
  -0.58196435]
 [-0.0085533   0.10144547 -0.0327883  -0.19875678  0.51041504  0.01095564
  -0.26734459  0.4804845   0.03613528 -0.53509497  0.20111999 -0.06659141
  -0.23142657]]

Testing Images

Generating Graph
